The Confusion Matrix:
 |0 1 2 3 4 5 6 7 8 9
-|- - - - - - - - - -
0|91 0 0 0 2 0 0 0 0 2
1|0 82 0 0 0 0 1 1 6 1
2|0 1 86 0 0 0 0 0 5 2
3|0 0 0 97 0 1 0 0 1 6
4|0 1 0 0 70 0 0 8 1 4
5|0 1 1 1 1 73 1 0 3 7
6|0 2 0 0 0 0 89 0 0 0
7|0 0 1 1 0 0 0 89 3 0
8|0 2 0 5 0 3 0 0 76 2
9|0 0 0 6 3 0 0 5 2 88

The accuracy on the test set: 0.900428265525
[[[0.8558558558558559, 0.009009009009009009, 0.009009009009009009, 0.009009009009009009, 0.009009009009009009, 0.009009009009009009, 0.009009009009009009, 0.009009009009009009, 0.009009009009009009, 0.009009009009009009, 0.009009009009009009, 0.009009009009009009, 0.009009009009009009, 0.009009009009009009, 0.009009009009009009, 0.009009009009009009, 0.009009009009009009], [0.8108108108108109, 0.036036036036036036, 0.02702702702702703, 0.009009009009009009, 0.009009009009009009, 0.009009009009009009, 0.009009009009009009, 0.009009009009009009, 0.009009009009009009, 0.009009009009009009, 0.009009009009009009, 0.009009009009009009, 0.009009009009009009, 0.009009009009009009, 0.009009009009009009, 0.009009009009009009, 0.009009009009009009], [0.07207207207207207, 0.06306306306306306, 0.08108108108108109, 0.07207207207207207, 0.15315315315315314, 0.09009009009009009, 0.09009009009009009, 0.09009009009009009, 0.07207207207207207, 0.036036036036036036, 0.06306306306306306, 0.02702702702702703, 0.018018018018018018, 0.009009009009009009, 0.018018018018018018, 0.02702702702702703, 0.018018018018018018], [0.018018018018018018, 0.009009009009009009, 0.018018018018018018, 0.018018018018018018, 0.009009009009009009, 0.009009009009009009, 0.009009009009009009, 0.018018018018018018, 0.06306306306306306, 0.06306306306306306, 0.05405405405405406, 0.06306306306306306, 0.10810810810810811, 0.0990990990990991, 0.11711711711711711, 0.15315315315315314, 0.17117117117117117], [0.04504504504504504, 0.018018018018018018, 0.018018018018018018, 0.02702702702702703, 0.009009009009009009, 0.018018018018018018, 0.05405405405405406, 0.05405405405405406, 0.07207207207207207, 0.06306306306306306, 0.04504504504504504, 0.10810810810810811, 0.09009009009009009, 0.07207207207207207, 0.06306306306306306, 0.0990990990990991, 0.14414414414414414], [0.3153153153153153, 0.11711711711711711, 0.09009009009009009, 0.08108108108108109, 0.07207207207207207, 0.04504504504504504, 0.05405405405405406, 0.05405405405405406, 0.009009009009009009, 0.02702702702702703, 0.018018018018018018, 0.02702702702702703, 0.018018018018018018, 0.036036036036036036, 0.009009009009009009, 0.018018018018018018, 0.009009009009009009], [0.8108108108108109, 0.036036036036036036, 0.02702702702702703, 0.009009009009009009, 0.009009009009009009, 0.009009009009009009, 0.009009009009009009, 0.009009009009009009, 0.009009009009009009, 0.009009009009009009, 0.009009009009009009, 0.009009009009009009, 0.009009009009009009, 0.009009009009009009, 0.009009009009009009, 0.009009009009009009, 0.009009009009009009], [0.8558558558558559, 0.009009009009009009, 0.009009009009009009, 0.009009009009009009, 0.009009009009009009, 0.009009009009009009, 0.009009009009009009, 0.009009009009009009, 0.009009009009009009, 0.009009009009009009, 0.009009009009009009, 0.009009009009009009, 0.009009009009009009, 0.009009009009009009, 0.009009009009009009, 0.009009009009009009, 0.009009009009009009], [0.8558558558558559, 0.009009009009009009, 0.009009009009009009, 0.009009009009009009, 0.009009009009009009, 0.009009009009009009, 0.009009009009009009, 0.009009009009009009, 0.009009009009009009, 0.009009009009009009, 0.009009009009009009, 0.009009009009009009, 0.009009009009009009, 0.009009009009009009, 0.009009009009009009, 0.009009009009009009, 0.009009009009009009], [0.4594594594594595, 0.14414414414414414, 0.07207207207207207, 0.09009009009009009, 0.009009009009009009, 0.04504504504504504, 0.036036036036036036, 0.036036036036036036, 0.009009009009009009, 0.02702702702702703, 0.009009009009009009, 0.018018018018018018, 0.009009009009009009, 0.009009009009009009, 0.009009009009009009, 0.009009009009009009, 0.009009009009009009], [0.009009009009009009, 0.009009009009009009, 0.009009009009009009, 0.009009009009009009, 0.018018018018018018, 0.02702702702702703, 0.02702702702702703, 0.04504504504504504, 0.018018018018018018, 0.08108108108108109, 0.018018018018018018, 0.04504504504504504, 0.05405405405405406, 0.08108108108108109, 0.08108108108108109, 0.1891891891891892, 0.27927927927927926], [0.009009009009009009, 0.009009009009009009, 0.02702702702702703, 0.009009009009009009, 0.018018018018018018, 0.018018018018018018, 0.036036036036036036, 0.036036036036036036, 0.04504504504504504, 0.07207207207207207, 0.02702702702702703, 0.08108108108108109, 0.06306306306306306, 0.05405405405405406, 0.06306306306306306, 0.14414414414414414, 0.2882882882882883], [0.009009009009009009, 0.009009009009009009, 0.018018018018018018, 0.02702702702702703, 0.018018018018018018, 0.018018018018018018, 0.06306306306306306, 0.036036036036036036, 0.06306306306306306, 0.06306306306306306, 0.12612612612612611, 0.02702702702702703, 0.06306306306306306, 0.08108108108108109, 0.08108108108108109, 0.10810810810810811, 0.1891891891891892], [0.02702702702702703, 0.02702702702702703, 0.018018018018018018, 0.036036036036036036, 0.02702702702702703, 0.05405405405405406, 0.02702702702702703, 0.05405405405405406, 0.04504504504504504, 0.05405405405405406, 0.04504504504504504, 0.05405405405405406, 0.10810810810810811, 0.11711711711711711, 0.0990990990990991, 0.13513513513513514, 0.07207207207207207], [0.5945945945945946, 0.06306306306306306, 0.0990990990990991, 0.05405405405405406, 0.018018018018018018, 0.018018018018018018, 0.018018018018018018, 0.02702702702702703, 0.018018018018018018, 0.02702702702702703, 0.009009009009009009, 0.009009009009009009, 0.009009009009009009, 0.009009009009009009, 0.009009009009009009, 0.009009009009009009, 0.009009009009009009], [0.8558558558558559, 0.009009009009009009, 0.009009009009009009, 0.009009009009009009, 0.009009009009009009, 0.009009009009009009, 0.009009009009009009, 0.009009009009009009, 0.009009009009009009, 0.009009009009009009, 0.009009009009009009, 0.009009009009009009, 0.009009009009009009, 0.009009009009009009, 0.009009009009009009, 0.009009009009009009, 0.009009009009009009], [0.8558558558558559, 0.009009009009009009, 0.009009009009009009, 0.009009009009009009, 0.009009009009009009, 0.009009009009009009, 0.009009009009009009, 0.009009009009009009, 0.009009009009009009, 0.009009009009009009, 0.009009009009009009, 0.009009009009009009, 0.009009009009009009, 0.009009009009009009, 0.009009009009009009, 0.009009009009009009, 0.009009009009009009], [0.14414414414414414, 0.04504504504504504, 0.12612612612612611, 0.09009009009009009, 0.11711711711711711, 0.08108108108108109, 0.036036036036036036, 0.0990990990990991, 0.10810810810810811, 0.02702702702702703, 0.036036036036036036, 0.018018018018018018, 0.036036036036036036, 0.009009009009009009, 0.009009009009009009, 0.009009009009009009, 0.009009009009009009], [0.009009009009009009, 0.018018018018018018, 0.009009009009009009, 0.009009009009009009, 0.009009009009009009, 0.018018018018018018, 0.018018018018018018, 0.02702702702702703, 0.009009009009009009, 0.018018018018018018, 0.009009009009009009, 0.04504504504504504, 0.0990990990990991, 0.10810810810810811, 0.10810810810810811, 0.11711711711711711, 0.36936936936936937], [0.2072072072072072, 0.09009009009009009, 0.08108108108108109, 0.08108108108108109, 0.09009009009009009, 0.05405405405405406, 0.05405405405405406, 0.036036036036036036, 0.06306306306306306, 0.05405405405405406, 0.009009009009009009, 0.04504504504504504, 0.036036036036036036, 0.018018018018018018, 0.018018018018018018, 0.018018018018018018, 0.04504504504504504], [0.38738738738738737, 0.09009009009009009, 0.04504504504504504, 0.0990990990990991, 0.036036036036036036, 0.06306306306306306, 0.04504504504504504, 0.05405405405405406, 0.018018018018018018, 0.02702702702702703, 0.009009009009009009, 0.018018018018018018, 0.009009009009009009, 0.02702702702702703, 0.009009009009009009, 0.009009009009009009, 0.05405405405405406], [0.009009009009009009, 0.018018018018018018, 0.009009009009009009, 0.018018018018018018, 0.009009009009009009, 0.018018018018018018, 0.02702702702702703, 0.009009009009009009, 0.04504504504504504, 0.07207207207207207, 0.06306306306306306, 0.08108108108108109, 0.10810810810810811, 0.12612612612612611, 0.1891891891891892, 0.10810810810810811, 0.09009009009009009], [0.14414414414414414, 0.08108108108108109, 0.14414414414414414, 0.09009009009009009, 0.18018018018018017, 0.02702702702702703, 0.08108108108108109, 0.04504504504504504, 0.05405405405405406, 0.04504504504504504, 0.02702702702702703, 0.018018018018018018, 0.02702702702702703, 0.009009009009009009, 0.009009009009009009, 0.009009009009009009, 0.009009009009009009], [0.8558558558558559, 0.009009009009009009, 0.009009009009009009, 0.009009009009009009, 0.009009009009009009, 0.009009009009009009, 0.009009009009009009, 0.009009009009009009, 0.009009009009009009, 0.009009009009009009, 0.009009009009009009, 0.009009009009009009, 0.009009009009009009, 0.009009009009009009, 0.009009009009009009, 0.009009009009009009, 0.009009009009009009], [0.8558558558558559, 0.009009009009009009, 0.009009009009009009, 0.009009009009009009, 0.009009009009009009, 0.009009009009009009, 0.009009009009009009, 0.009009009009009009, 0.009009009009009009, 0.009009009009009009, 0.009009009009009009, 0.009009009009009009, 0.009009009009009009, 0.009009009009009009, 0.009009009009009009, 0.009009009009009009, 0.009009009009009009], [0.05405405405405406, 0.036036036036036036, 0.04504504504504504, 0.07207207207207207, 0.15315315315315314, 0.13513513513513514, 0.11711711711711711, 0.10810810810810811, 0.13513513513513514, 0.036036036036036036, 0.018018018018018018, 0.018018018018018018, 0.036036036036036036, 0.009009009009009009, 0.009009009009009009, 0.009009009009009009, 0.009009009009009009], [0.009009009009009009, 0.018018018018018018, 0.009009009009009009, 0.009009009009009009, 0.018018018018018018, 0.02702702702702703, 0.02702702702702703, 0.009009009009009009, 0.05405405405405406, 0.05405405405405406, 0.036036036036036036, 0.07207207207207207, 0.2072072072072072, 0.10810810810810811, 0.07207207207207207, 0.0990990990990991, 0.17117117117117117], [0.5945945945945946, 0.06306306306306306, 0.02702702702702703, 0.07207207207207207, 0.02702702702702703, 0.036036036036036036, 0.02702702702702703, 0.018018018018018018, 0.018018018018018018, 0.018018018018018018, 0.036036036036036036, 0.018018018018018018, 0.009009009009009009, 0.009009009009009009, 0.009009009009009009, 0.009009009009009009, 0.009009009009009009], [0.7927927927927928, 0.02702702702702703, 0.018018018018018018, 0.009009009009009009, 0.009009009009009009, 0.009009009009009009, 0.009009009009009009, 0.009009009009009009, 0.02702702702702703, 0.009009009009009009, 0.009009009009009009, 0.018018018018018018, 0.009009009009009009, 0.009009009009009009, 0.009009009009009009, 0.009009009009009009, 0.018018018018018018], [0.009009009009009009, 0.018018018018018018, 0.009009009009009009, 0.02702702702702703, 0.09009009009009009, 0.0990990990990991, 0.06306306306306306, 0.08108108108108109, 0.16216216216216217, 0.09009009009009009, 0.06306306306306306, 0.06306306306306306, 0.05405405405405406, 0.07207207207207207, 0.04504504504504504, 0.018018018018018018, 0.036036036036036036], [0.009009009009009009, 0.009009009009009009, 0.04504504504504504, 0.036036036036036036, 0.06306306306306306, 0.08108108108108109, 0.10810810810810811, 0.1981981981981982, 0.26126126126126126, 0.02702702702702703, 0.02702702702702703, 0.02702702702702703, 0.07207207207207207, 0.009009009009009009, 0.009009009009009009, 0.009009009009009009, 0.009009009009009009], [0.8558558558558559, 0.009009009009009009, 0.009009009009009009, 0.009009009009009009, 0.009009009009009009, 0.009009009009009009, 0.009009009009009009, 0.009009009009009009, 0.009009009009009009, 0.009009009009009009, 0.009009009009009009, 0.009009009009009009, 0.009009009009009009, 0.009009009009009009, 0.009009009009009009, 0.009009009009009009, 0.009009009009009009], [0.8558558558558559, 0.009009009009009009, 0.009009009009009009, 0.009009009009009009, 0.009009009009009009, 0.009009009009009009, 0.009009009009009009, 0.009009009009009009, 0.009009009009009009, 0.009009009009009009, 0.009009009009009009, 0.009009009009009009, 0.009009009009009009, 0.009009009009009009, 0.009009009009009009, 0.009009009009009009, 0.009009009009009009], [0.02702702702702703, 0.02702702702702703, 0.05405405405405406, 0.07207207207207207, 0.13513513513513514, 0.14414414414414414, 0.08108108108108109, 0.09009009009009009, 0.22522522522522523, 0.04504504504504504, 0.009009009009009009, 0.009009009009009009, 0.04504504504504504, 0.009009009009009009, 0.009009009009009009, 0.009009009009009009, 0.009009009009009009], [0.009009009009009009, 0.009009009009009009, 0.009009009009009009, 0.009009009009009009, 0.018018018018018018, 0.018018018018018018, 0.018018018018018018, 0.04504504504504504, 0.18018018018018017, 0.04504504504504504, 0.07207207207207207, 0.05405405405405406, 0.22522522522522523, 0.10810810810810811, 0.036036036036036036, 0.036036036036036036, 0.10810810810810811], [0.7657657657657657, 0.036036036036036036, 0.018018018018018018, 0.018018018018018018, 0.018018018018018018, 0.018018018018018018, 0.009009009009009009, 0.018018018018018018, 0.018018018018018018, 0.018018018018018018, 0.009009009009009009, 0.009009009009009009, 0.009009009009009009, 0.009009009009009009, 0.009009009009009009, 0.009009009009009009, 0.009009009009009009], [0.8198198198198198, 0.036036036036036036, 0.009009009009009009, 0.009009009009009009, 0.009009009009009009, 0.009009009009009009, 0.018018018018018018, 0.009009009009009009, 0.009009009009009009, 0.009009009009009009, 0.009009009009009009, 0.009009009009009009, 0.009009009009009009, 0.009009009009009009, 0.009009009009009009, 0.009009009009009009, 0.009009009009009009], [0.009009009009009009, 0.018018018018018018, 0.009009009009009009, 0.036036036036036036, 0.13513513513513514, 0.09009009009009009, 0.04504504504504504, 0.07207207207207207, 0.22522522522522523, 0.05405405405405406, 0.05405405405405406, 0.036036036036036036, 0.0990990990990991, 0.04504504504504504, 0.04504504504504504, 0.009009009009009009, 0.018018018018018018], [0.009009009009009009, 0.018018018018018018, 0.009009009009009009, 0.018018018018018018, 0.08108108108108109, 0.07207207207207207, 0.07207207207207207, 0.0990990990990991, 0.36936936936936937, 0.07207207207207207, 0.02702702702702703, 0.009009009009009009, 0.0990990990990991, 0.009009009009009009, 0.018018018018018018, 0.009009009009009009, 0.009009009009009009], [0.8558558558558559, 0.009009009009009009, 0.009009009009009009, 0.009009009009009009, 0.009009009009009009, 0.009009009009009009, 0.009009009009009009, 0.009009009009009009, 0.009009009009009009, 0.009009009009009009, 0.009009009009009009, 0.009009009009009009, 0.009009009009009009, 0.009009009009009009, 0.009009009009009009, 0.009009009009009009, 0.009009009009009009], [0.8558558558558559, 0.009009009009009009, 0.009009009009009009, 0.009009009009009009, 0.009009009009009009, 0.009009009009009009, 0.009009009009009009, 0.009009009009009009, 0.009009009009009009, 0.009009009009009009, 0.009009009009009009, 0.009009009009009009, 0.009009009009009009, 0.009009009009009009, 0.009009009009009009, 0.009009009009009009, 0.009009009009009009], [0.11711711711711711, 0.0990990990990991, 0.10810810810810811, 0.11711711711711711, 0.1891891891891892, 0.09009009009009009, 0.05405405405405406, 0.07207207207207207, 0.07207207207207207, 0.018018018018018018, 0.009009009009009009, 0.009009009009009009, 0.009009009009009009, 0.009009009009009009, 0.009009009009009009, 0.009009009009009009, 0.009009009009009009], [0.009009009009009009, 0.009009009009009009, 0.009009009009009009, 0.009009009009009009, 0.009009009009009009, 0.009009009009009009, 0.018018018018018018, 0.009009009009009009, 0.02702702702702703, 0.036036036036036036, 0.05405405405405406, 0.05405405405405406, 0.17117117117117117, 0.15315315315315314, 0.12612612612612611, 0.11711711711711711, 0.18018018018018017], [0.5945945945945946, 0.0990990990990991, 0.04504504504504504, 0.036036036036036036, 0.02702702702702703, 0.02702702702702703, 0.009009009009009009, 0.02702702702702703, 0.018018018018018018, 0.018018018018018018, 0.018018018018018018, 0.018018018018018018, 0.018018018018018018, 0.018018018018018018, 0.009009009009009009, 0.009009009009009009, 0.009009009009009009], [0.5765765765765766, 0.08108108108108109, 0.05405405405405406, 0.036036036036036036, 0.036036036036036036, 0.04504504504504504, 0.018018018018018018, 0.036036036036036036, 0.02702702702702703, 0.009009009009009009, 0.018018018018018018, 0.018018018018018018, 0.009009009009009009, 0.009009009009009009, 0.009009009009009009, 0.009009009009009009, 0.009009009009009009], [0.018018018018018018, 0.009009009009009009, 0.018018018018018018, 0.018018018018018018, 0.04504504504504504, 0.018018018018018018, 0.036036036036036036, 0.10810810810810811, 0.06306306306306306, 0.10810810810810811, 0.07207207207207207, 0.036036036036036036, 0.08108108108108109, 0.09009009009009009, 0.08108108108108109, 0.13513513513513514, 0.06306306306306306], [0.02702702702702703, 0.04504504504504504, 0.06306306306306306, 0.04504504504504504, 0.05405405405405406, 0.14414414414414414, 0.036036036036036036, 0.11711711711711711, 0.13513513513513514, 0.06306306306306306, 0.04504504504504504, 0.06306306306306306, 0.09009009009009009, 0.02702702702702703, 0.018018018018018018, 0.009009009009009009, 0.018018018018018018], [0.8558558558558559, 0.009009009009009009, 0.009009009009009009, 0.009009009009009009, 0.009009009009009009, 0.009009009009009009, 0.009009009009009009, 0.009009009009009009, 0.009009009009009009, 0.009009009009009009, 0.009009009009009009, 0.009009009009009009, 0.009009009009009009, 0.009009009009009009, 0.009009009009009009, 0.009009009009009009, 0.009009009009009009], [0.8558558558558559, 0.009009009009009009, 0.009009009009009009, 0.009009009009009009, 0.009009009009009009, 0.009009009009009009, 0.009009009009009009, 0.009009009009009009, 0.009009009009009009, 0.009009009009009009, 0.009009009009009009, 0.009009009009009009, 0.009009009009009009, 0.009009009009009009, 0.009009009009009009, 0.009009009009009009, 0.009009009009009009], [0.5405405405405406, 0.10810810810810811, 0.12612612612612611, 0.04504504504504504, 0.036036036036036036, 0.02702702702702703, 0.018018018018018018, 0.009009009009009009, 0.018018018018018018, 0.009009009009009009, 0.009009009009009009, 0.009009009009009009, 0.009009009009009009, 0.009009009009009009, 0.009009009009009009, 0.009009009009009009, 0.009009009009009009], [0.009009009009009009, 0.009009009009009009, 0.009009009009009009, 0.018018018018018018, 0.009009009009009009, 0.009009009009009009, 0.018018018018018018, 0.018018018018018018, 0.018018018018018018, 0.02702702702702703, 0.06306306306306306, 0.05405405405405406, 0.07207207207207207, 0.0990990990990991, 0.16216216216216217, 0.1891891891891892, 0.21621621621621623], [0.009009009009009009, 0.018018018018018018, 0.018018018018018018, 0.018018018018018018, 0.036036036036036036, 0.036036036036036036, 0.05405405405405406, 0.07207207207207207, 0.06306306306306306, 0.12612612612612611, 0.13513513513513514, 0.04504504504504504, 0.08108108108108109, 0.09009009009009009, 0.06306306306306306, 0.036036036036036036, 0.0990990990990991], [0.02702702702702703, 0.018018018018018018, 0.02702702702702703, 0.009009009009009009, 0.06306306306306306, 0.05405405405405406, 0.05405405405405406, 0.036036036036036036, 0.06306306306306306, 0.10810810810810811, 0.04504504504504504, 0.07207207207207207, 0.05405405405405406, 0.04504504504504504, 0.08108108108108109, 0.09009009009009009, 0.15315315315315314], [0.009009009009009009, 0.009009009009009009, 0.009009009009009009, 0.009009009009009009, 0.02702702702702703, 0.02702702702702703, 0.018018018018018018, 0.02702702702702703, 0.02702702702702703, 0.02702702702702703, 0.07207207207207207, 0.06306306306306306, 0.04504504504504504, 0.0990990990990991, 0.12612612612612611, 0.15315315315315314, 0.25225225225225223], [0.2882882882882883, 0.10810810810810811, 0.08108108108108109, 0.06306306306306306, 0.08108108108108109, 0.07207207207207207, 0.07207207207207207, 0.04504504504504504, 0.05405405405405406, 0.04504504504504504, 0.009009009009009009, 0.02702702702702703, 0.009009009009009009, 0.009009009009009009, 0.009009009009009009, 0.009009009009009009, 0.018018018018018018], [0.8558558558558559, 0.009009009009009009, 0.009009009009009009, 0.009009009009009009, 0.009009009009009009, 0.009009009009009009, 0.009009009009009009, 0.009009009009009009, 0.009009009009009009, 0.009009009009009009, 0.009009009009009009, 0.009009009009009009, 0.009009009009009009, 0.009009009009009009, 0.009009009009009009, 0.009009009009009009, 0.009009009009009009], [0.8558558558558559, 0.009009009009009009, 0.009009009009009009, 0.009009009009009009, 0.009009009009009009, 0.009009009009009009, 0.009009009009009009, 0.009009009009009009, 0.009009009009009009, 0.009009009009009009, 0.009009009009009009, 0.009009009009009009, 0.009009009009009009, 0.009009009009009009, 0.009009009009009009, 0.009009009009009009, 0.009009009009009009], [0.8378378378378378, 0.018018018018018018, 0.009009009009009009, 0.018018018018018018, 0.009009009009009009, 0.009009009009009009, 0.009009009009009009, 0.009009009009009009, 0.009009009009009009, 0.009009009009009009, 0.009009009009009009, 0.009009009009009009, 0.009009009009009009, 0.009009009009009009, 0.009009009009009009, 0.009009009009009009, 0.009009009009009009], [0.05405405405405406, 0.07207207207207207, 0.13513513513513514, 0.10810810810810811, 0.06306306306306306, 0.10810810810810811, 0.11711711711711711, 0.06306306306306306, 0.06306306306306306, 0.07207207207207207, 0.06306306306306306, 0.009009009009009009, 0.02702702702702703, 0.009009009009009009, 0.009009009009009009, 0.018018018018018018, 0.009009009009009009], [0.009009009009009009, 0.009009009009009009, 0.009009009009009009, 0.009009009009009009, 0.009009009009009009, 0.009009009009009009, 0.009009009009009009, 0.018018018018018018, 0.009009009009009009, 0.04504504504504504, 0.04504504504504504, 0.05405405405405406, 0.0990990990990991, 0.16216216216216217, 0.12612612612612611, 0.15315315315315314, 0.22522522522522523], [0.009009009009009009, 0.009009009009009009, 0.009009009009009009, 0.018018018018018018, 0.009009009009009009, 0.02702702702702703, 0.009009009009009009, 0.036036036036036036, 0.04504504504504504, 0.04504504504504504, 0.05405405405405406, 0.036036036036036036, 0.11711711711711711, 0.11711711711711711, 0.07207207207207207, 0.14414414414414414, 0.24324324324324326], [0.11711711711711711, 0.0990990990990991, 0.05405405405405406, 0.0990990990990991, 0.05405405405405406, 0.05405405405405406, 0.06306306306306306, 0.04504504504504504, 0.11711711711711711, 0.06306306306306306, 0.05405405405405406, 0.036036036036036036, 0.02702702702702703, 0.05405405405405406, 0.018018018018018018, 0.02702702702702703, 0.018018018018018018], [0.7297297297297297, 0.0990990990990991, 0.02702702702702703, 0.018018018018018018, 0.009009009009009009, 0.009009009009009009, 0.009009009009009009, 0.018018018018018018, 0.009009009009009009, 0.009009009009009009, 0.009009009009009009, 0.009009009009009009, 0.009009009009009009, 0.009009009009009009, 0.009009009009009009, 0.009009009009009009, 0.009009009009009009], [0.8558558558558559, 0.009009009009009009, 0.009009009009009009, 0.009009009009009009, 0.009009009009009009, 0.009009009009009009, 0.009009009009009009, 0.009009009009009009, 0.009009009009009009, 0.009009009009009009, 0.009009009009009009, 0.009009009009009009, 0.009009009009009009, 0.009009009009009009, 0.009009009009009009, 0.009009009009009009, 0.009009009009009009]], [[0.8709677419354839, 0.008064516129032258, 0.008064516129032258, 0.008064516129032258, 0.008064516129032258, 0.008064516129032258, 0.008064516129032258, 0.008064516129032258, 0.008064516129032258, 0.008064516129032258, 0.008064516129032258, 0.008064516129032258, 0.008064516129032258, 0.008064516129032258, 0.008064516129032258, 0.008064516129032258, 0.008064516129032258], [0.8709677419354839, 0.008064516129032258, 0.008064516129032258, 0.008064516129032258, 0.008064516129032258, 0.008064516129032258, 0.008064516129032258, 0.008064516129032258, 0.008064516129032258, 0.008064516129032258, 0.008064516129032258, 0.008064516129032258, 0.008064516129032258, 0.008064516129032258, 0.008064516129032258, 0.008064516129032258, 0.008064516129032258], [0.5403225806451613, 0.06451612903225806, 0.03225806451612903, 0.03225806451612903, 0.04032258064516129, 0.03225806451612903, 0.04838709677419355, 0.056451612903225805, 0.016129032258064516, 0.024193548387096774, 0.024193548387096774, 0.03225806451612903, 0.016129032258064516, 0.008064516129032258, 0.016129032258064516, 0.008064516129032258, 0.008064516129032258], [0.20161290322580644, 0.06451612903225806, 0.016129032258064516, 0.04032258064516129, 0.056451612903225805, 0.008064516129032258, 0.04032258064516129, 0.016129032258064516, 0.06451612903225806, 0.08064516129032258, 0.04838709677419355, 0.06451612903225806, 0.08870967741935484, 0.03225806451612903, 0.08064516129032258, 0.04032258064516129, 0.056451612903225805], [0.06451612903225806, 0.024193548387096774, 0.03225806451612903, 0.03225806451612903, 0.008064516129032258, 0.016129032258064516, 0.016129032258064516, 0.024193548387096774, 0.056451612903225805, 0.06451612903225806, 0.07258064516129033, 0.08064516129032258, 0.07258064516129033, 0.11290322580645161, 0.06451612903225806, 0.12903225806451613, 0.12903225806451613], [0.1774193548387097, 0.06451612903225806, 0.06451612903225806, 0.04032258064516129, 0.04838709677419355, 0.08064516129032258, 0.04032258064516129, 0.016129032258064516, 0.04032258064516129, 0.056451612903225805, 0.08064516129032258, 0.056451612903225805, 0.056451612903225805, 0.056451612903225805, 0.04032258064516129, 0.04032258064516129, 0.04032258064516129], [0.6693548387096774, 0.12096774193548387, 0.04032258064516129, 0.04032258064516129, 0.03225806451612903, 0.008064516129032258, 0.008064516129032258, 0.008064516129032258, 0.008064516129032258, 0.008064516129032258, 0.008064516129032258, 0.008064516129032258, 0.008064516129032258, 0.008064516129032258, 0.008064516129032258, 0.008064516129032258, 0.008064516129032258], [0.8709677419354839, 0.008064516129032258, 0.008064516129032258, 0.008064516129032258, 0.008064516129032258, 0.008064516129032258, 0.008064516129032258, 0.008064516129032258, 0.008064516129032258, 0.008064516129032258, 0.008064516129032258, 0.008064516129032258, 0.008064516129032258, 0.008064516129032258, 0.008064516129032258, 0.008064516129032258, 0.008064516129032258], [0.8709677419354839, 0.008064516129032258, 0.008064516129032258, 0.008064516129032258, 0.008064516129032258, 0.008064516129032258, 0.008064516129032258, 0.008064516129032258, 0.008064516129032258, 0.008064516129032258, 0.008064516129032258, 0.008064516129032258, 0.008064516129032258, 0.008064516129032258, 0.008064516129032258, 0.008064516129032258, 0.008064516129032258], [0.8306451612903226, 0.008064516129032258, 0.04032258064516129, 0.016129032258064516, 0.008064516129032258, 0.008064516129032258, 0.008064516129032258, 0.008064516129032258, 0.008064516129032258, 0.008064516129032258, 0.008064516129032258, 0.008064516129032258, 0.008064516129032258, 0.008064516129032258, 0.008064516129032258, 0.008064516129032258, 0.008064516129032258], [0.4032258064516129, 0.056451612903225805, 0.08064516129032258, 0.024193548387096774, 0.04032258064516129, 0.04838709677419355, 0.03225806451612903, 0.03225806451612903, 0.04838709677419355, 0.08870967741935484, 0.024193548387096774, 0.008064516129032258, 0.04838709677419355, 0.024193548387096774, 0.008064516129032258, 0.016129032258064516, 0.016129032258064516], [0.08870967741935484, 0.04032258064516129, 0.016129032258064516, 0.03225806451612903, 0.008064516129032258, 0.04838709677419355, 0.024193548387096774, 0.016129032258064516, 0.03225806451612903, 0.016129032258064516, 0.024193548387096774, 0.04032258064516129, 0.04032258064516129, 0.06451612903225806, 0.08064516129032258, 0.08064516129032258, 0.3467741935483871], [0.03225806451612903, 0.016129032258064516, 0.03225806451612903, 0.008064516129032258, 0.008064516129032258, 0.008064516129032258, 0.03225806451612903, 0.008064516129032258, 0.024193548387096774, 0.008064516129032258, 0.016129032258064516, 0.024193548387096774, 0.024193548387096774, 0.008064516129032258, 0.04032258064516129, 0.06451612903225806, 0.6451612903225806], [0.14516129032258066, 0.024193548387096774, 0.04032258064516129, 0.024193548387096774, 0.024193548387096774, 0.03225806451612903, 0.03225806451612903, 0.03225806451612903, 0.07258064516129033, 0.016129032258064516, 0.04032258064516129, 0.056451612903225805, 0.056451612903225805, 0.024193548387096774, 0.056451612903225805, 0.07258064516129033, 0.25], [0.6532258064516129, 0.08064516129032258, 0.04838709677419355, 0.03225806451612903, 0.056451612903225805, 0.016129032258064516, 0.008064516129032258, 0.016129032258064516, 0.024193548387096774, 0.008064516129032258, 0.008064516129032258, 0.008064516129032258, 0.008064516129032258, 0.008064516129032258, 0.008064516129032258, 0.008064516129032258, 0.008064516129032258], [0.8709677419354839, 0.008064516129032258, 0.008064516129032258, 0.008064516129032258, 0.008064516129032258, 0.008064516129032258, 0.008064516129032258, 0.008064516129032258, 0.008064516129032258, 0.008064516129032258, 0.008064516129032258, 0.008064516129032258, 0.008064516129032258, 0.008064516129032258, 0.008064516129032258, 0.008064516129032258, 0.008064516129032258], [0.8629032258064516, 0.008064516129032258, 0.008064516129032258, 0.008064516129032258, 0.008064516129032258, 0.016129032258064516, 0.008064516129032258, 0.008064516129032258, 0.008064516129032258, 0.008064516129032258, 0.008064516129032258, 0.008064516129032258, 0.008064516129032258, 0.008064516129032258, 0.008064516129032258, 0.008064516129032258, 0.008064516129032258], [0.5967741935483871, 0.056451612903225805, 0.04032258064516129, 0.03225806451612903, 0.04032258064516129, 0.04838709677419355, 0.024193548387096774, 0.008064516129032258, 0.016129032258064516, 0.016129032258064516, 0.016129032258064516, 0.024193548387096774, 0.03225806451612903, 0.016129032258064516, 0.008064516129032258, 0.008064516129032258, 0.016129032258064516], [0.1693548387096774, 0.04032258064516129, 0.03225806451612903, 0.03225806451612903, 0.04838709677419355, 0.08064516129032258, 0.03225806451612903, 0.056451612903225805, 0.056451612903225805, 0.04838709677419355, 0.016129032258064516, 0.03225806451612903, 0.07258064516129033, 0.056451612903225805, 0.04032258064516129, 0.08064516129032258, 0.10483870967741936], [0.008064516129032258, 0.016129032258064516, 0.008064516129032258, 0.008064516129032258, 0.008064516129032258, 0.008064516129032258, 0.016129032258064516, 0.024193548387096774, 0.016129032258064516, 0.016129032258064516, 0.024193548387096774, 0.03225806451612903, 0.04838709677419355, 0.06451612903225806, 0.04838709677419355, 0.08064516129032258, 0.5725806451612904], [0.016129032258064516, 0.008064516129032258, 0.008064516129032258, 0.024193548387096774, 0.03225806451612903, 0.016129032258064516, 0.016129032258064516, 0.008064516129032258, 0.008064516129032258, 0.008064516129032258, 0.03225806451612903, 0.04032258064516129, 0.016129032258064516, 0.03225806451612903, 0.03225806451612903, 0.008064516129032258, 0.6935483870967742], [0.1693548387096774, 0.024193548387096774, 0.03225806451612903, 0.03225806451612903, 0.056451612903225805, 0.03225806451612903, 0.016129032258064516, 0.03225806451612903, 0.056451612903225805, 0.016129032258064516, 0.04838709677419355, 0.056451612903225805, 0.08064516129032258, 0.04032258064516129, 0.08064516129032258, 0.03225806451612903, 0.1935483870967742], [0.7338709677419355, 0.03225806451612903, 0.06451612903225806, 0.008064516129032258, 0.03225806451612903, 0.016129032258064516, 0.03225806451612903, 0.008064516129032258, 0.008064516129032258, 0.008064516129032258, 0.008064516129032258, 0.008064516129032258, 0.008064516129032258, 0.008064516129032258, 0.008064516129032258, 0.008064516129032258, 0.008064516129032258], [0.8709677419354839, 0.008064516129032258, 0.008064516129032258, 0.008064516129032258, 0.008064516129032258, 0.008064516129032258, 0.008064516129032258, 0.008064516129032258, 0.008064516129032258, 0.008064516129032258, 0.008064516129032258, 0.008064516129032258, 0.008064516129032258, 0.008064516129032258, 0.008064516129032258, 0.008064516129032258, 0.008064516129032258], [0.8629032258064516, 0.016129032258064516, 0.008064516129032258, 0.008064516129032258, 0.008064516129032258, 0.008064516129032258, 0.008064516129032258, 0.008064516129032258, 0.008064516129032258, 0.008064516129032258, 0.008064516129032258, 0.008064516129032258, 0.008064516129032258, 0.008064516129032258, 0.008064516129032258, 0.008064516129032258, 0.008064516129032258], [0.28225806451612906, 0.0967741935483871, 0.06451612903225806, 0.08064516129032258, 0.056451612903225805, 0.08064516129032258, 0.08064516129032258, 0.04032258064516129, 0.08064516129032258, 0.008064516129032258, 0.04032258064516129, 0.024193548387096774, 0.008064516129032258, 0.016129032258064516, 0.016129032258064516, 0.016129032258064516, 0.008064516129032258], [0.04032258064516129, 0.016129032258064516, 0.024193548387096774, 0.016129032258064516, 0.024193548387096774, 0.03225806451612903, 0.03225806451612903, 0.08064516129032258, 0.06451612903225806, 0.04838709677419355, 0.024193548387096774, 0.04838709677419355, 0.056451612903225805, 0.056451612903225805, 0.056451612903225805, 0.10483870967741936, 0.27419354838709675], [0.008064516129032258, 0.016129032258064516, 0.008064516129032258, 0.016129032258064516, 0.016129032258064516, 0.008064516129032258, 0.008064516129032258, 0.008064516129032258, 0.016129032258064516, 0.016129032258064516, 0.04838709677419355, 0.03225806451612903, 0.024193548387096774, 0.06451612903225806, 0.056451612903225805, 0.04032258064516129, 0.6129032258064516], [0.008064516129032258, 0.008064516129032258, 0.008064516129032258, 0.016129032258064516, 0.016129032258064516, 0.016129032258064516, 0.03225806451612903, 0.024193548387096774, 0.008064516129032258, 0.04838709677419355, 0.016129032258064516, 0.008064516129032258, 0.024193548387096774, 0.016129032258064516, 0.07258064516129033, 0.03225806451612903, 0.6451612903225806], [0.1693548387096774, 0.03225806451612903, 0.03225806451612903, 0.04032258064516129, 0.03225806451612903, 0.03225806451612903, 0.04032258064516129, 0.04838709677419355, 0.04032258064516129, 0.008064516129032258, 0.056451612903225805, 0.04838709677419355, 0.14516129032258066, 0.04838709677419355, 0.056451612903225805, 0.024193548387096774, 0.14516129032258066], [0.7580645161290323, 0.03225806451612903, 0.024193548387096774, 0.03225806451612903, 0.024193548387096774, 0.016129032258064516, 0.024193548387096774, 0.008064516129032258, 0.016129032258064516, 0.008064516129032258, 0.008064516129032258, 0.008064516129032258, 0.008064516129032258, 0.008064516129032258, 0.008064516129032258, 0.008064516129032258, 0.008064516129032258], [0.8709677419354839, 0.008064516129032258, 0.008064516129032258, 0.008064516129032258, 0.008064516129032258, 0.008064516129032258, 0.008064516129032258, 0.008064516129032258, 0.008064516129032258, 0.008064516129032258, 0.008064516129032258, 0.008064516129032258, 0.008064516129032258, 0.008064516129032258, 0.008064516129032258, 0.008064516129032258, 0.008064516129032258], [0.8709677419354839, 0.008064516129032258, 0.008064516129032258, 0.008064516129032258, 0.008064516129032258, 0.008064516129032258, 0.008064516129032258, 0.008064516129032258, 0.008064516129032258, 0.008064516129032258, 0.008064516129032258, 0.008064516129032258, 0.008064516129032258, 0.008064516129032258, 0.008064516129032258, 0.008064516129032258, 0.008064516129032258], [0.4112903225806452, 0.0967741935483871, 0.056451612903225805, 0.056451612903225805, 0.04838709677419355, 0.0967741935483871, 0.03225806451612903, 0.06451612903225806, 0.03225806451612903, 0.04032258064516129, 0.008064516129032258, 0.008064516129032258, 0.016129032258064516, 0.008064516129032258, 0.008064516129032258, 0.008064516129032258, 0.008064516129032258], [0.22580645161290322, 0.056451612903225805, 0.04838709677419355, 0.04032258064516129, 0.08870967741935484, 0.024193548387096774, 0.008064516129032258, 0.04032258064516129, 0.04032258064516129, 0.024193548387096774, 0.024193548387096774, 0.03225806451612903, 0.06451612903225806, 0.04032258064516129, 0.024193548387096774, 0.056451612903225805, 0.16129032258064516], [0.11290322580645161, 0.03225806451612903, 0.03225806451612903, 0.04032258064516129, 0.03225806451612903, 0.04838709677419355, 0.04032258064516129, 0.056451612903225805, 0.024193548387096774, 0.06451612903225806, 0.056451612903225805, 0.03225806451612903, 0.04838709677419355, 0.024193548387096774, 0.04032258064516129, 0.03225806451612903, 0.28225806451612906], [0.008064516129032258, 0.008064516129032258, 0.016129032258064516, 0.008064516129032258, 0.016129032258064516, 0.024193548387096774, 0.008064516129032258, 0.024193548387096774, 0.024193548387096774, 0.024193548387096774, 0.03225806451612903, 0.03225806451612903, 0.008064516129032258, 0.04032258064516129, 0.04032258064516129, 0.04032258064516129, 0.6451612903225806], [0.1532258064516129, 0.03225806451612903, 0.056451612903225805, 0.03225806451612903, 0.056451612903225805, 0.03225806451612903, 0.04032258064516129, 0.04032258064516129, 0.06451612903225806, 0.03225806451612903, 0.04032258064516129, 0.04032258064516129, 0.11290322580645161, 0.04838709677419355, 0.04032258064516129, 0.008064516129032258, 0.1693548387096774], [0.7661290322580645, 0.016129032258064516, 0.04838709677419355, 0.016129032258064516, 0.03225806451612903, 0.008064516129032258, 0.008064516129032258, 0.016129032258064516, 0.008064516129032258, 0.008064516129032258, 0.024193548387096774, 0.008064516129032258, 0.008064516129032258, 0.008064516129032258, 0.008064516129032258, 0.008064516129032258, 0.008064516129032258], [0.8709677419354839, 0.008064516129032258, 0.008064516129032258, 0.008064516129032258, 0.008064516129032258, 0.008064516129032258, 0.008064516129032258, 0.008064516129032258, 0.008064516129032258, 0.008064516129032258, 0.008064516129032258, 0.008064516129032258, 0.008064516129032258, 0.008064516129032258, 0.008064516129032258, 0.008064516129032258, 0.008064516129032258], [0.8709677419354839, 0.008064516129032258, 0.008064516129032258, 0.008064516129032258, 0.008064516129032258, 0.008064516129032258, 0.008064516129032258, 0.008064516129032258, 0.008064516129032258, 0.008064516129032258, 0.008064516129032258, 0.008064516129032258, 0.008064516129032258, 0.008064516129032258, 0.008064516129032258, 0.008064516129032258, 0.008064516129032258], [0.717741935483871, 0.07258064516129033, 0.024193548387096774, 0.04032258064516129, 0.03225806451612903, 0.024193548387096774, 0.008064516129032258, 0.008064516129032258, 0.008064516129032258, 0.008064516129032258, 0.008064516129032258, 0.008064516129032258, 0.008064516129032258, 0.008064516129032258, 0.008064516129032258, 0.008064516129032258, 0.008064516129032258], [0.532258064516129, 0.04032258064516129, 0.056451612903225805, 0.024193548387096774, 0.04838709677419355, 0.016129032258064516, 0.03225806451612903, 0.04032258064516129, 0.03225806451612903, 0.024193548387096774, 0.008064516129032258, 0.016129032258064516, 0.016129032258064516, 0.016129032258064516, 0.024193548387096774, 0.008064516129032258, 0.06451612903225806], [0.21774193548387097, 0.08064516129032258, 0.016129032258064516, 0.04838709677419355, 0.08064516129032258, 0.04838709677419355, 0.04838709677419355, 0.024193548387096774, 0.024193548387096774, 0.03225806451612903, 0.040322580